AminoAcidFrequency.txt
     	A	C	D	E	F	G	H	I	K	L	M	N	P	Q	R	S	T	V	W	Y	Total
1h4aX02	2.2	2.2	6.7	7.8	4.4	7.8	2.2	4.4	0	10	2.2	4.4	1.1	4.4	14	8.9	2.2	4.4	2.2	7.8	100
1h4aX01	2.4	4.8	7.2	3.6	2.4	8.4	6	2.4	1.2	9.6	2.4	3.6	4.8	7.2	8.4	11	1.2	2.4	2.4	8.4	100
1okiA01	4.4	0	4.4	8.9	8.9	7.8	0	4.4	2.2	5.6	3.3	5.6	5.6	2.2	12	11	1.1	5.6	3.3	3.3	100
1okiA02	4.3	0	5.4	5.4	5.4	12	2.2	3.3	4.3	6.5	1.1	3.3	4.3	8.7	6.5	7.6	2.2	5.4	5.4	6.5	100
2bv2A00	0	0	8.4	8.4	7.2	13	1.2	6	7.2	7.2	0	4.8	4.8	2.4	0	12	3.6	8.4	2.4	2.4	100
3hzbC00	4.5	2.3	10	0	2.3	10	0	9.1	2.3	9.1	0	11	0	3.4	3.4	10	8	6.8	1.1	5.7	100
1ytqA01	3.5	2.3	2.3	10	4.7	9.3	2.3	4.7	7	5.8	0	4.7	7	5.8	4.7	9.3	3.5	7	3.5	2.3	100
1npsA00	9.1	0	4.5	5.7	3.4	8	0	8	3.4	6.8	0	11	6.8	5.7	2.3	5.7	3.4	12	0	3.4	100
3i9hE00	4.5	0	8	2.3	2.3	6.8	0	3.4	6.8	4.5	2.3	9.1	4.5	2.3	0	9.1	15	8	4.5	6.8	100
1hdfA00	4	1	7.1	4	8.1	8.1	1	4	7.1	5.1	0	9.1	2	2	4	11	6.1	13	1	2	100
