ColumnCalculationsCodes.txt
A	C	D	E	F	G	H	I	K	L	M	N	P	Q	R	S	T	V	W	Y	-	Total
0	0	0	0	0	0	0	0	0	0	0	0	0	0	25	0	0	0	0	0	75	100
0	0	0	0	0	0	0	0	25	0	0	0	0	0	0	0	0	0	0	0	75	100
0	0	0	0	0	0	0	25	0	0	0	0	0	0	0	0	0	0	0	0	75	100
0	0	0	0	0	0	0	0	0	0	0	0	0	0	0	0	0	0	25	0	75	100
0	0	0	0	0	0	0	0	0	0	0	0	0	0	0	25	0	0	0	0	75	100
0	0	0	0	0	0	0	0	0	25	0	0	0	0	0	0	0	0	0	0	75	100
0	0	0	0	0	0	0	25	0	0	0	0	0	0	0	0	0	0	0	0	75	100
0	0	0	0	0	0	0	0	0	0	0	0	0	0	25	0	0	0	0	0	75	100
0	0	25	0	0	0	0	0	0	0	0	0	0	0	0	0	0	0	0	0	75	100
0	25	0	0	0	0	0	0	0	0	0	0	0	0	0	0	0	0	0	0	75	100
0	0	0	0	0	0	0	0	0	0	0	0	0	0	0	25	0	0	0	0	75	100
0	0	0	0	0	25	0	0	0	0	0	0	0	0	0	0	0	0	0	0	75	100
0	0	0	0	0	0	0	0	25	0	0	0	25	0	0	0	0	0	0	0	50	100
0	0	0	0	0	0	0	0	0	25	0	0	0	0	0	0	25	0	0	0	50	100
0	0	0	25	0	0	0	0	0	25	0	0	0	0	0	0	0	0	0	0	50	100
0	0	0	0	0	25	0	0	0	0	0	0	0	0	0	25	0	0	0	0	50	100
0	0	0	0	0	0	0	0	0	0	0	0	25	0	0	0	0	25	0	0	50	100
25	0	0	25	0	0	0	0	0	0	0	0	25	0	0	0	25	0	0	0	0	100
0	0	0	50	0	0	0	0	0	0	0	0	0	25	0	25	0	0	0	0	0	100
0	0	0	0	0	0	0	0	0	0	0	0	0	50	25	0	25	0	0	0	0	100
0	0	0	25	0	0	0	0	0	0	0	0	0	0	0	50	0	0	0	25	0	100
25	0	0	0	0	0	0	0	0	0	25	0	0	0	0	0	0	50	0	0	0	100
0	0	0	0	0	0	0	25	0	50	0	0	0	0	0	0	0	25	0	0	0	100
0	0	0	25	0	0	0	0	0	0	0	0	0	25	25	0	25	0	0	0	0	100
25	0	0	0	0	0	0	0	0	0	0	0	0	0	0	25	0	25	25	0	0	100
0	0	0	0	25	0	0	25	0	50	0	0	0	0	0	0	0	0	0	0	0	100
0	0	0	0	0	0	0	25	0	25	0	0	0	0	0	50	0	0	0	0	0	100
0	0	0	0	0	0	0	25	25	0	0	0	0	0	25	0	25	0	0	0	0	100
0	0	0	25	0	0	0	0	0	0	0	0	0	25	0	25	0	25	0	0	0	100
0	0	0	0	0	0	0	0	0	0	0	0	0	0	0	75	0	25	0	0	0	100
0	0	0	0	0	25	0	0	0	0	0	0	0	0	50	0	25	0	0	0	0	100
0	0	0	0	0	0	0	0	0	25	50	0	0	0	0	0	0	25	0	0	0	100
0	0	0	25	0	0	0	0	0	25	0	25	0	0	0	25	0	0	0	0	0	100
0	0	0	25	0	25	0	0	0	0	0	0	0	0	0	0	0	0	0	0	50	100
0	0	25	0	0	0	0	25	0	25	0	0	0	0	0	0	0	0	0	0	25	100
0	0	0	25	0	0	0	0	0	0	0	0	0	0	50	0	0	0	0	0	25	100
0	0	0	0	0	0	0	0	50	0	0	0	0	0	0	0	0	0	25	0	25	100
0	0	0	25	0	0	0	0	0	0	0	0	0	25	25	25	0	0	0	0	0	100
0	0	50	0	0	0	0	0	0	0	0	0	0	25	0	0	0	0	0	25	0	100
25	0	0	0	0	0	0	0	25	50	0	0	0	0	0	0	0	0	0	0	0	100
0	25	0	0	25	0	0	0	0	25	0	0	0	0	0	0	25	0	0	0	0	100
0	0	0	0	0	0	0	0	0	100	0	0	0	0	0	0	0	0	0	0	0	100
25	0	0	0	0	0	0	0	25	25	0	0	0	25	0	0	0	0	0	0	0	100
25	0	75	0	0	0	0	0	0	0	0	0	0	0	0	0	0	0	0	0	0	100
0	0	25	0	0	0	0	0	0	50	0	25	0	0	0	0	0	0	0	0	0	100
0	0	0	0	0	25	0	25	0	0	0	25	0	0	25	0	0	0	0	0	0	100
0	0	0	0	0	0	0	0	25	25	0	0	0	0	0	0	0	25	25	0	0	100
0	0	25	0	0	25	0	0	0	0	0	0	0	0	0	50	0	0	0	0	0	100
50	0	0	0	0	0	0	0	0	0	0	0	25	0	0	0	0	0	0	25	0	100
0	0	0	0	0	25	0	0	0	0	0	25	0	0	0	0	50	0	0	0	0	100
0	0	25	25	0	0	0	0	0	0	0	0	0	0	25	25	0	0	0	0	0	100
0	0	0	25	0	0	0	0	0	25	0	0	25	0	0	25	0	0	0	0	0	100
50	0	0	0	0	25	0	0	25	0	0	0	0	0	0	0	0	0	0	0	0	100
25	0	0	0	0	0	0	0	25	0	0	0	0	25	25	0	0	0	0	0	0	100
50	0	0	0	25	0	0	25	0	0	0	0	0	0	0	0	0	0	0	0	0	100
0	0	0	0	25	0	25	0	0	50	0	0	0	0	0	0	0	0	0	0	0	100
25	0	0	25	0	0	0	0	0	0	0	0	0	25	0	0	25	0	0	0	0	100
0	0	0	0	0	0	25	0	0	75	0	0	0	0	0	0	0	0	0	0	0	100
0	0	0	0	25	0	0	0	0	25	0	0	0	0	0	0	0	50	0	0	0	100
0	0	0	25	0	0	0	0	50	0	0	0	0	25	0	0	0	0	0	0	0	100
25	0	0	0	0	25	0	25	25	0	0	0	0	0	0	0	0	0	0	0	0	100
0	0	0	0	0	0	0	25	25	0	0	0	0	0	25	0	0	0	0	0	25	100
25	0	0	0	0	25	0	0	25	0	0	0	0	0	0	0	0	0	0	0	25	100
0	0	0	25	0	0	25	0	0	0	0	0	0	0	0	25	0	0	0	0	25	100
0	0	0	0	0	25	25	25	0	0	0	0	0	0	0	0	0	0	0	0	25	100
0	0	0	0	0	0	25	0	0	0	0	0	25	0	0	0	0	0	0	25	25	100
0	0	0	25	0	0	0	0	0	0	0	0	25	0	0	0	0	0	0	0	50	100
0	0	0	0	0	0	0	0	0	25	0	0	0	0	0	0	0	25	0	0	50	100
25	0	0	0	0	0	50	0	0	0	0	0	0	0	0	0	0	0	0	0	25	100
0	0	0	0	25	0	25	0	0	0	0	0	0	0	0	0	0	0	0	25	25	100
0	0	0	0	0	0	0	25	0	0	25	0	0	0	0	0	0	0	0	0	50	100
0	0	0	0	0	0	0	0	25	25	0	0	0	0	0	0	0	0	0	0	50	100
0	0	0	0	0	25	0	0	0	0	0	0	0	0	0	0	0	0	0	0	75	100
0	0	0	25	0	0	0	0	0	0	0	0	0	0	0	0	0	0	0	0	75	100
