ColumnCalculationsColours.txt
RE	BL	MA	GR	GY	-	Total
0	0	0	10	0	90	100
10	0	0	0	0	90	100
0	0	0	10	0	90	100
0	0	10	0	0	90	100
0	0	0	10	0	90	100
10	0	0	0	0	90	100
0	0	0	10	0	90	100
0	0	0	10	0	90	100
10	0	0	10	0	80	100
40	0	0	10	0	50	100
10	0	0	30	0	60	100
0	10	10	30	0	50	100
10	10	10	60	0	10	100
20	10	60	10	0	0	100
100	0	0	0	0	0	100
40	0	10	50	0	0	100
100	0	0	0	0	0	100
50	0	0	50	0	0	100
0	70	20	10	0	0	100
10	40	10	40	0	0	100
40	40	10	10	0	0	100
0	30	0	70	0	0	100
70	0	0	30	0	0	100
0	0	20	80	0	0	100
0	0	0	100	0	0	100
20	10	40	30	0	0	100
10	0	20	70	0	0	100
70	0	0	30	0	0	100
0	70	10	20	0	0	100
90	0	0	10	0	0	100
10	10	0	80	0	0	100
30	0	0	20	0	50	100
0	10	0	90	0	0	100
30	50	0	20	0	0	100
0	10	0	90	0	0	100
30	20	0	40	0	10	100
20	0	10	0	0	70	100
20	0	0	10	0	70	100
10	0	10	60	0	20	100
90	0	0	10	0	0	100
30	0	20	50	0	0	100
40	30	0	30	0	0	100
50	0	20	20	0	10	100
10	0	10	70	0	10	100
30	0	10	20	0	40	100
60	10	0	10	0	20	100
30	0	0	70	0	0	100
0	70	0	20	0	10	100
30	20	40	10	0	0	100
90	0	0	10	0	0	100
0	0	10	90	0	0	100
0	0	0	100	0	0	100
100	0	0	0	0	0	100
30	0	60	10	0	0	100
100	0	0	0	0	0	100
30	20	0	50	0	0	100
40	10	0	50	0	0	100
0	0	0	100	0	0	100
20	0	0	20	0	60	100
20	0	20	60	0	0	100
100	0	0	0	0	0	100
90	10	0	0	0	0	100
80	0	0	20	0	0	100
30	0	0	70	0	0	100
0	60	10	30	0	0	100
10	30	0	60	0	0	100
30	50	0	20	0	0	100
0	0	10	90	0	0	100
60	0	0	40	0	0	100
10	0	40	50	0	0	100
0	0	0	100	0	0	100
30	30	10	30	0	0	100
20	0	10	70	0	0	100
50	0	0	50	0	0	100
60	10	20	10	0	0	100
90	0	0	10	0	0	100
20	40	0	40	0	0	100
40	10	30	20	0	0	100
0	20	0	80	0	0	100
0	50	10	10	0	30	100
10	0	0	50	0	40	100
40	0	20	0	0	40	100
0	10	30	30	0	30	100
50	0	0	20	0	30	100
10	10	0	80	0	0	100
10	40	0	50	0	0	100
80	10	0	10	0	0	100
40	0	0	60	0	0	100
20	0	0	80	0	0	100
20	0	10	60	0	10	100
10	20	10	60	0	0	100
40	0	20	0	0	40	100
0	0	0	60	0	40	100
20	70	0	10	0	0	100
10	10	40	40	0	0	100
100	0	0	0	0	0	100
10	0	10	80	0	0	100
0	0	0	100	0	0	100
90	0	0	10	0	0	100
10	0	90	0	0	0	100
70	0	20	10	0	0	100
70	0	0	30	0	0	100
40	0	30	20	0	10	100
30	30	0	30	0	10	100
20	10	10	10	0	50	100
10	0	0	20	0	70	100
10	0	0	0	0	90	100
