ColumnCalculationsCodes.txt
A	C	D	E	F	G	H	I	K	L	M	N	P	Q	R	S	T	V	W	Y	-	Total
0	0	0	0	0	0	0	0	0	0	0	0	0	0	0	10	0	0	0	0	90	100
0	0	0	0	0	0	0	0	0	0	0	0	0	0	0	0	0	10	0	0	90	100
0	10	0	0	0	0	0	0	0	0	0	0	0	0	0	0	0	0	0	0	90	100
0	0	0	0	0	0	0	0	10	0	0	0	0	0	0	0	0	0	0	0	90	100
0	0	0	0	0	10	0	0	0	0	0	0	0	0	0	0	0	0	0	0	90	100
0	0	0	0	0	0	0	0	0	0	0	0	0	0	0	0	0	10	0	0	90	100
0	0	0	0	0	0	0	0	0	0	0	0	0	0	0	10	0	0	0	0	90	100
0	0	0	0	0	10	0	0	0	0	0	0	0	0	0	0	0	0	0	0	90	100
0	0	0	0	0	0	0	0	0	0	0	10	10	0	0	0	0	0	0	0	80	100
10	0	0	0	0	0	0	0	0	0	0	0	30	0	0	10	0	0	0	0	50	100
10	0	0	0	0	20	0	0	0	0	0	0	0	10	0	0	0	0	0	0	60	100
0	0	0	10	0	0	0	0	10	0	0	10	0	0	0	10	10	0	0	0	50	100
10	0	10	0	0	30	20	0	10	0	0	0	0	0	0	0	0	0	0	10	10	100
10	0	0	10	0	0	0	0	40	0	0	10	0	0	20	0	0	10	0	0	0	100
0	0	0	0	0	0	0	70	0	10	0	0	0	0	0	0	0	20	0	0	0	100
0	0	0	0	10	0	0	20	0	0	0	0	0	0	10	10	40	10	0	0	0	100
0	0	0	0	10	0	0	10	0	50	0	0	0	0	0	0	0	30	0	0	0	100
0	0	0	0	50	0	0	0	0	0	0	0	0	0	0	0	0	0	0	50	0	100
0	0	0	70	0	0	0	0	20	0	0	0	0	0	0	0	0	0	0	10	0	100
0	0	40	0	0	10	10	0	0	10	0	10	0	10	10	0	0	0	0	0	0	100
10	10	0	40	0	0	0	10	0	0	0	0	0	0	10	0	0	20	0	0	0	100
0	0	20	10	0	10	0	0	0	0	0	60	0	0	0	0	0	0	0	0	0	100
0	0	0	0	70	0	0	0	0	0	0	0	0	0	0	0	0	0	0	30	0	100
0	0	0	0	0	20	0	0	10	0	0	0	0	50	10	0	10	0	0	0	0	100
0	0	0	0	0	100	0	0	0	0	0	0	0	0	0	0	0	0	0	0	0	100
10	0	10	0	10	0	10	0	20	0	0	10	0	10	20	0	0	0	0	0	0	100
0	0	0	0	0	0	10	0	10	0	10	0	0	10	10	40	10	0	0	0	0	100
10	0	0	0	0	10	10	20	0	10	0	0	0	0	0	0	0	20	10	10	0	100
0	0	10	60	0	10	0	0	10	0	0	0	0	0	0	10	0	0	0	0	0	100
0	10	0	0	20	0	0	10	0	50	0	0	0	0	0	0	0	10	0	0	0	100
0	0	0	10	0	0	0	0	0	0	0	10	10	20	0	20	30	0	0	0	0	100
0	0	0	0	0	10	0	10	0	0	0	0	20	0	0	0	10	0	0	0	50	100
0	0	0	10	0	60	0	0	0	0	0	10	0	0	0	20	0	0	0	0	0	100
0	0	40	10	0	0	0	0	0	0	0	20	10	0	0	0	0	20	0	0	0	100
0	20	10	0	0	0	10	0	0	0	0	0	0	0	0	20	0	0	0	40	0	100
10	0	20	0	0	0	0	0	0	0	0	10	20	0	0	10	20	0	0	0	10	100
0	0	0	0	0	0	0	0	0	20	0	0	0	0	10	0	0	0	0	0	70	100
20	0	0	0	0	0	0	0	0	0	0	0	0	0	0	10	0	0	0	0	70	100
0	10	0	0	0	0	0	0	0	0	0	30	10	20	10	0	0	0	0	0	20	100
0	0	0	0	10	0	0	0	0	80	0	0	0	0	0	10	0	0	0	0	0	100
20	0	0	0	0	0	0	0	10	10	0	30	0	20	10	0	0	0	0	0	0	100
10	0	20	10	0	0	0	0	0	0	0	0	10	0	0	20	10	10	10	0	0	100
10	0	0	0	0	0	10	0	0	20	0	0	0	0	20	0	10	20	0	0	10	100
0	0	0	0	10	50	0	0	10	0	0	0	0	0	0	10	0	0	0	10	10	100
0	0	0	0	0	20	0	20	0	0	0	0	0	0	10	0	0	10	0	0	40	100
0	0	0	10	30	0	0	0	0	20	0	0	10	0	0	0	0	0	0	10	20	100
0	0	0	0	10	0	0	0	0	10	0	60	0	0	0	10	0	10	0	0	0	100
0	0	60	10	0	0	0	0	0	0	0	10	0	0	0	10	0	0	0	0	10	100
0	0	10	10	0	0	0	10	10	0	0	0	0	0	30	0	10	10	10	0	0	100
10	10	0	0	0	0	0	30	0	0	10	0	0	0	0	0	0	40	0	0	0	100
0	0	0	0	0	20	10	0	0	0	0	10	0	0	10	40	10	0	0	0	0	100
0	0	0	0	0	0	0	0	0	0	0	0	0	0	0	100	0	0	0	0	0	100
10	0	0	0	0	0	0	20	0	30	0	0	0	0	0	0	0	40	0	0	0	100
0	0	0	0	0	0	0	20	40	10	0	10	0	0	20	0	0	0	0	0	0	100
0	0	0	0	0	0	0	10	0	0	0	0	0	0	0	0	0	90	0	0	0	100
0	0	10	10	0	10	0	0	0	10	0	0	20	10	0	20	10	0	0	0	0	100
20	0	0	10	0	0	0	0	0	0	0	0	20	10	0	40	0	0	0	0	0	100
0	0	0	0	0	90	0	0	0	0	0	10	0	0	0	0	0	0	0	0	0	100
0	0	0	0	0	0	0	0	0	0	0	0	0	0	0	0	10	10	10	10	60	100
0	10	0	0	0	0	0	0	20	0	0	0	20	10	0	10	30	0	0	0	0	100
30	0	0	0	0	0	0	0	0	0	0	0	0	0	0	0	0	10	60	0	0	100
0	0	10	0	20	0	0	20	0	0	10	0	0	0	0	0	0	40	0	0	0	100
10	0	0	0	0	20	0	10	0	40	0	0	0	0	0	0	0	20	0	0	0	100
0	0	0	0	30	0	0	0	0	0	0	0	0	0	0	0	0	0	0	70	0	100
0	0	10	50	0	0	0	0	10	0	0	0	0	30	0	0	0	0	0	0	0	100
0	0	30	0	0	0	0	0	0	10	0	20	0	30	0	0	0	0	0	10	0	100
10	0	40	10	0	0	0	0	0	0	0	0	20	0	0	20	0	0	0	0	0	100
0	0	0	0	0	30	0	0	0	0	0	60	0	0	10	0	0	0	0	0	0	100
0	10	0	0	60	0	0	0	0	0	0	0	0	0	0	0	0	0	0	30	0	100
10	0	0	0	0	10	0	0	10	0	0	10	0	0	30	20	10	0	0	0	0	100
0	0	0	0	0	100	0	0	0	0	0	0	0	0	0	0	0	0	0	0	0	100
10	0	10	20	0	0	0	0	0	10	0	10	10	0	10	0	10	0	0	10	0	100
0	0	0	0	10	0	0	0	10	0	10	0	0	50	0	20	0	0	0	0	0	100
0	0	0	0	20	0	0	20	0	0	0	0	0	0	0	0	10	0	10	40	0	100
0	0	0	10	10	0	0	10	10	20	0	0	0	0	10	0	10	20	0	0	0	100
0	0	0	0	10	0	0	10	0	60	0	0	0	0	0	0	0	10	0	10	0	100
0	0	0	40	0	0	10	0	0	0	10	10	0	0	0	0	20	10	0	0	0	100
10	0	0	10	0	0	0	0	20	0	0	0	30	0	10	20	0	0	0	0	0	100
0	0	20	0	0	60	0	0	0	0	0	10	0	0	0	10	0	0	0	0	0	100
0	0	30	20	0	0	0	0	10	0	0	0	0	0	0	10	0	0	0	0	30	100
0	0	0	0	10	0	0	0	0	0	0	0	0	0	0	0	0	0	0	50	40	100
10	0	0	0	0	0	0	0	0	0	0	0	30	0	20	0	0	0	0	0	40	100
0	0	10	0	0	0	10	0	0	0	0	10	0	10	30	0	0	0	0	0	30	100
0	0	0	0	0	0	10	0	0	0	0	0	10	0	0	0	0	10	30	10	30	100
10	0	10	0	0	10	0	0	0	0	0	30	0	20	0	0	20	0	0	0	0	100
0	0	20	20	0	0	0	0	0	0	0	0	10	10	0	30	10	0	0	0	0	100
0	10	0	10	0	0	0	0	0	10	0	0	0	0	0	0	0	0	70	0	0	100
0	0	0	0	0	30	0	0	0	20	10	0	0	0	0	10	20	10	0	0	0	100
20	0	0	0	0	40	0	0	0	0	0	10	0	0	0	20	10	0	0	0	0	100
0	0	0	0	10	0	0	0	0	10	0	20	0	0	10	20	20	0	0	0	10	100
0	0	20	0	0	0	0	0	0	0	0	20	10	10	10	10	10	0	0	10	0	100
10	0	0	0	0	0	0	0	0	20	0	0	0	0	20	0	0	0	10	0	40	100
0	0	0	0	0	0	0	0	0	0	0	40	0	0	0	10	10	0	0	0	40	100
10	0	70	0	0	0	0	0	0	0	0	10	10	0	0	0	0	0	0	0	0	100
10	0	0	10	0	0	0	0	20	0	0	10	0	10	20	20	0	0	0	0	0	100
0	0	0	0	0	0	0	10	0	30	20	0	0	0	0	0	0	40	0	0	0	100
0	0	0	0	0	10	0	0	0	0	10	0	0	10	10	50	10	0	0	0	0	100
0	0	0	0	0	0	0	0	0	0	0	0	0	0	0	100	0	0	0	0	0	100
0	10	0	0	10	0	0	30	0	30	0	0	0	0	0	0	0	20	0	0	0	100
0	0	0	0	0	0	0	0	20	0	0	0	0	0	70	0	0	10	0	0	0	100
10	0	0	0	0	0	0	10	0	10	0	0	20	10	20	0	0	20	0	0	0	100
0	0	0	0	0	0	0	50	0	10	0	0	0	10	0	0	10	10	0	10	0	100
10	0	0	0	10	0	0	10	20	0	0	0	10	0	10	20	0	0	0	0	10	100
0	0	20	10	0	0	10	0	0	0	10	10	0	0	0	0	10	20	0	0	10	100
0	0	10	0	10	10	0	0	10	0	0	0	10	0	0	0	0	0	0	0	50	100
0	0	0	0	0	0	0	0	0	0	0	0	0	10	0	10	0	10	0	0	70	100
0	0	0	0	0	0	0	0	0	0	0	0	0	0	0	0	0	0	10	0	90	100
