outFiles//ColumnCalculationsColours.txt
RE	BL	MA	GR	GY	-	Total
0	0	25	0	0	75	100
0	0	25	0	0	75	100
25	0	0	0	0	75	100
25	0	0	0	0	75	100
0	0	0	25	0	75	100
25	0	0	0	0	75	100
25	0	0	0	0	75	100
0	0	25	0	0	75	100
0	25	0	0	0	75	100
0	0	0	25	0	75	100
0	0	0	25	0	75	100
0	0	0	25	0	75	100
25	0	25	0	0	50	100
25	0	0	25	0	50	100
25	25	0	0	0	50	100
0	0	0	50	0	50	100
50	0	0	0	0	50	100
50	25	0	25	0	0	100
0	50	0	50	0	0	100
0	0	25	75	0	0	100
0	25	0	75	0	0	100
100	0	0	0	0	0	100
100	0	0	0	0	0	100
0	25	25	50	0	0	100
75	0	0	25	0	0	100
100	0	0	0	0	0	100
50	0	0	50	0	0	100
25	0	50	25	0	0	100
25	25	0	50	0	0	100
25	0	0	75	0	0	100
0	0	50	50	0	0	100
100	0	0	0	0	0	100
25	25	0	50	0	0	100
0	25	0	25	0	50	100
50	25	0	0	0	25	100
0	25	50	0	0	25	100
25	0	50	0	0	25	100
0	25	25	50	0	0	100
0	50	0	50	0	0	100
75	0	25	0	0	0	100
50	0	0	50	0	0	100
100	0	0	0	0	0	100
50	0	25	25	0	0	100
25	75	0	0	0	0	100
50	25	0	25	0	0	100
25	0	25	50	0	0	100
75	0	25	0	0	0	100
0	25	0	75	0	0	100
75	0	0	25	0	0	100
0	0	0	100	0	0	100
0	50	25	25	0	0	100
50	25	0	25	0	0	100
50	0	25	25	0	0	100
25	0	50	25	0	0	100
100	0	0	0	0	0	100
75	0	0	25	0	0	100
25	25	0	50	0	0	100
75	0	0	25	0	0	100
100	0	0	0	0	0	100
0	25	50	25	0	0	100
50	0	25	25	0	0	100
25	0	50	0	0	25	100
25	0	25	25	0	25	100
0	25	0	50	0	25	100
25	0	0	50	0	25	100
25	0	0	50	0	25	100
25	25	0	0	0	50	100
50	0	0	0	0	50	100
25	0	0	50	0	25	100
25	0	0	50	0	25	100
50	0	0	0	0	50	100
25	0	25	0	0	50	100
0	0	0	25	0	75	100
0	25	0	0	0	75	100
